10
74 60 97
59 60 60 61 60 60 61 59 60 61 60 59 59 59 60 61 61 60 60 59 60 61 59 61 61 60 60 60 59 60 60 59 59 61 60 59 61 59 61 59 59 61 60 61 61 59 60 59 59 59 61 60 59 59 59 59 60 60 61 61 61 60 59 59 61 59 61 61 59 59 60 59 61 61
70 28 18
47 56 1 27 18 11 26 60 36 23 26 45 18 1 10 80 10 12 46 12 83 38 23 96 27 21 90 34 5 1 86 18 32 30 46 23 22 14 62 19 8 38 5 56 13 8 46 53 51 13 15 84 35 94 97 28 44 29 39 4 3 22 82 21 42 13 24 22 98 3
81 90 8
5889 9705 6427 3024 2004 3042 6911 3292 6613 243 337 3947 2633 6012 9120 7946 6366 10002 6744 6690 5343 4983 2977 9833 943 7982 9850 9364 9807 6888 6997 8290 1992 9119 3583 5642 8143 3897 6897 584 6457 1436 7028 8804 3822 3533 6899 4904 10570 2303 9165 1589 5489 2300 1531 10282 8938 7491 9766 4389 9621 972 6773 9239 7710 1744 6135 7776 2976 2054 1392 7162 9177 5828 5419 6956 6828 7341 3027 6988 5294
10 95 70
7057 6203 10445 2219 1055 1975 8103 2674 8279 6179
47 65 1
2643 10555 10565 4608 6417 3468 5158 5228 10100 38 645 8311 5497 5333 7445 8130 8252 7093 9099 3140 7496 4755 4086 5588 15 10242 7648 423 5321 902 900 4317 2917 3698 10303 1556 9605 161 3486 10716 2565 3645 1054 8193 7921 2064 904
66 48 12
92 187 295 96 234 282 237 57 47 145 138 149 202 86 151 42 106 146 239 151 281 182 238 98 145 47 137 239 298 48 280 92 55 134 193 103 50 144 154 197 189 292 101 237 185 240 102 92 90 239 238 101 188 45 242 42 50 188 247 202 197 50 198 231 135 51
50 26 34
6614 1210 8775 10279 5506 1829 308 1493 5478 9532 9618 8066 8497 9687 5481 6467 4331 4670 336 9200 9205 810 3121 7385 2483 3422 4115 6715 2532 5452 4059 7642 1589 7846 3877 4596 7645 7406 4449 10459 588 948 10281 4521 9874 2322 6548 1447 3071 9792
61 23 48
22 23 22 46 23 46 22 23 23 23 22 22 45 22 22 23 22 22 23 45 22 23 22 23 23 45 22 23 23 22 23 23 23 46 22 22 23 45 22 22 22 22 22 22 22 23 23 46 23 45 22 22 45 22 22 23 23 22 46 45 46
63 44 68
4896 5210 1476 6729 1520 4144 7423 8800 6771 3797 7564 9381 553 3007 4750 2759 7825 1178 5159 9739 11028 890 10634 6514 2416 8257 5010 3425 7095 4581 3152 808 3780 9670 3882 3400 1877 271 5368 5602 8234 3827 4694 1651 7360 599 6288 3349 8211 3298 4296 6628 10611 207 10159 3062 1580 9173 1820 3066 796 1087 10902
22 16 10
48 16 16 16 32 31 32 15 16 31 48 31 16 32 15 31 32 31 16 16 16 32
