5
46 59 65
51 51 55 44 0 8 2 9 9 38 48 56 49 34 5 30 26 18 41 54 54 40 19 24 24 32 39 19 13 3 34 45 39 21 23 5 38 2 18 36 28 31 10 38 49 56
75 12 89
11 4 10 7 8 7 3 9 12 4 2 8 3 11 8 3 12 3 11 7 8 8 12 11 3 10 12 7 0 11 0 0 10 12 6 2 3 5 3 8 10 6 12 1 3 9 8 10 3 4 4 4 9 11 5 9 5 7 5 4 4 4 0 4 0 7 0 8 5 12 7 8 6 2 10
86 12 76
9 2 24 1 6 2 9 5 3 7 1 8 10 0 0 3 7 3 4 2 12 17 6 8 2 0 5 4 6 9 5 2 3 24 7 10 3 1 12 8 0 3 4 1 10 13 10 3 7 11 8 8 3 10 12 5 6 9 22 9 7 8 3 11 4 0 6 5 7 9 8 1 12 9 0 9 2 6 7 5 3 11 8 8 3 2
80 94 72
41 16 1 70 46 79 34 73 80 23 53 64 52 85 28 13 37 34 13 57 26 32 83 63 27 75 79 22 91 68 0 8 68 61 54 26 68 28 6 24 2 86 90 87 51 91 62 37 60 19 55 5 8 26 37 74 28 21 87 65 38 56 83 37 54 17 53 43 28 59 82 75 30 69 93 9 77 40 69 26
69 7 48
14 10 8 16 12 21 5 15 17 0 0 8 12 14 15 8 6 16 17 12 11 11 9 21 6 3 5 0 7 12 3 8 4 3 4 2 16 6 9 9 8 11 6 6 3 16 19 12 9 13 4 8 12 10 3 2 4 14 6 13 1 5 15 19 11 4 0 12 8
